1311877977.113269 0.0000000 0.0000000 0.0000000 0.0000000 0.0000000 0.0000000 1.0000000
1311877977.777481 0.0102270 0.0055697 -0.0011265 0.0011443 0.0253043 0.0018171 0.9996775
1311877977.813645 0.0089625 0.0008495 0.0018514 -0.0029297 0.0303887 0.0033465 0.9995283
1311877978.077424 0.0205657 0.0107080 -0.0007949 0.0023725 0.0656026 0.0069168 0.9978191
1311877978.613563 0.0220429 0.0049505 0.0002310 0.0009242 0.1484454 0.0157583 0.9887946
1311877979.545722 0.0377470 0.0064375 0.0012447 0.0005309 0.2818179 0.0298905 0.9590021
1311877981.577848 0.0856202 0.0124618 -0.0006337 0.0056213 0.5525045 0.0602273 0.8313122
1311877982.377456 0.1175490 0.0141198 -0.0118871 0.0098683 0.6560212 0.0742531 0.7510161
1311877982.613276 0.1267518 0.0150414 -0.0156004 0.0093850 0.6840235 0.0781430 0.7252017
1311877983.313178 0.1595464 0.0174176 -0.0283607 0.0085172 0.7529434 0.0894436 0.6519230
1311877983.545438 0.1703898 0.0204083 -0.0365521 0.0082999 0.7746150 0.0938540 0.6253751
1311877983.645310 0.1783947 0.0218297 -0.0368166 0.0081843 0.7837189 0.0955010 0.6136752
1311877983.845602 0.1821163 0.0197940 -0.0454915 0.0090335 0.8020058 0.0969706 0.5893232
1311877984.145441 0.1885079 0.0219973 -0.0510933 0.0107368 0.8265172 0.0990542 0.5540238
1311877984.445437 0.1969166 0.0234738 -0.0599950 0.0111738 0.8506037 0.1027872 0.5155417
1311877984.777303 0.2037808 0.0245372 -0.0718282 0.0119507 0.8747064 0.1067804 0.4725927
1311877984.913449 0.2065347 0.0245852 -0.0755343 0.0123708 0.8841459 0.1077883 0.4544387
1311877985.113410 0.2117961 0.0287706 -0.0862556 0.0135117 0.8973192 0.1084484 0.4276384
1311877985.245446 0.2140317 0.0283762 -0.0921080 0.0141468 0.9068817 0.1089115 0.4068215
1311877985.481272 0.2250485 0.0295780 -0.1103854 0.0158480 0.9207950 0.1107867 0.3736465
1311877985.945428 0.2463176 0.0330959 -0.1472784 0.0174804 0.9443393 0.1113844 0.3090487
1311877986.745415 0.2974007 0.0474689 -0.2771149 0.0180418 0.9774132 0.1110439 0.1789056
1311877987.481360 0.3340782 0.0726328 -0.4974192 0.0155235 0.9924055 0.1166198 0.0359188
1311877987.681758 0.3321570 0.0793962 -0.5523181 0.0126957 0.9936681 0.1116135 -0.0022027
1311877987.881560 0.3231394 0.0820285 -0.6111431 0.0125733 0.9921944 0.1169667 -0.0413644
1311877988.013352 0.3164752 0.0887216 -0.6564371 0.0141804 0.9908895 0.1157491 -0.0673724
1311877988.245209 0.2965221 0.1006572 -0.7240904 0.0155539 0.9865575 0.1180490 -0.1119227
1311877988.481323 0.2721194 0.1073407 -0.7923145 0.0143411 0.9808607 0.1162931 -0.1555074
1311877988.613488 0.2527447 0.1097484 -0.8318980 0.0138936 0.9759063 0.1177573 -0.1831588
1311877988.813263 0.2187025 0.1281973 -0.8848245 0.0191825 0.9687188 0.1196281 -0.2165760
1311877989.081595 0.1597369 0.1333314 -0.9726782 0.0202396 0.9565166 0.1193186 -0.2653855
1311877989.145299 0.1749017 0.1392053 -0.9668139 0.0169911 0.9538844 0.1064063 -0.2801669
1311877989.245655 0.1436852 0.1296666 -0.9990891 0.0213260 0.9507626 0.1162914 -0.2864820
1311877989.313299 0.1393033 0.1418508 -1.0040905 0.0140619 0.9499379 0.1034468 -0.2944809
1311877989.381400 0.1181287 0.1281178 -1.0304548 0.0245096 0.9479525 0.1240664 -0.2922206
1311877989.445504 0.1222147 0.1438450 -1.0375762 0.0114884 0.9493368 0.0893751 -0.3010645
1311877989.513104 0.1035209 0.1387148 -1.0598903 0.0229515 0.9474529 0.1178703 -0.2965010
1311877989.645143 0.1020724 0.1289742 -1.0639379 0.0305040 0.9455214 0.1233602 -0.2997349
1311877989.781174 0.0801905 0.1668283 -1.1067753 0.0206725 0.9456998 0.1152843 -0.3032064
1311877989.845377 0.0751014 0.1671366 -1.1177880 0.0177025 0.9466946 0.1125906 -0.3012959
1311877989.913151 0.0561178 0.1611980 -1.1363531 0.0185828 0.9486018 0.1107165 -0.2958902
1311877990.045910 0.0316433 0.1613626 -1.1575992 0.0197261 0.9499990 0.1105958 -0.2913440
1311877990.113158 0.0478729 0.1695451 -1.1556513 0.0167773 0.9509295 0.1054187 -0.2904111
1311877990.213338 0.0139841 0.1620735 -1.1885302 0.0222509 0.9510490 0.1161282 -0.2855259
1311877990.281766 0.0261799 0.1889503 -1.1657789 0.0202599 0.9520157 0.1073663 -0.2858814
1311877990.345485 -0.0028395 0.1671099 -1.2033368 0.0204175 0.9522286 0.1163185 -0.2816271
1311877990.413154 0.0017743 0.1754550 -1.2051132 0.0181297 0.9528122 0.1072275 -0.2834122
1311877990.481261 -0.0058131 0.1748758 -1.2181325 0.0181835 0.9524607 0.1104993 -0.2833335
1311877990.581216 -0.0252222 0.1740973 -1.2353561 0.0218724 0.9528580 0.1133681 -0.2805901
1311877990.645422 -0.0200357 0.1905098 -1.2447659 0.0203546 0.9519266 0.1103104 -0.2850491
1311877990.749050 -0.0346295 0.1914778 -1.2571094 0.0213680 0.9524977 0.1110053 -0.2827885
1311877990.813208 -0.0451920 0.1971588 -1.2685874 0.0229014 0.9526554 0.1150691 -0.2805035
1311877990.846338 -0.0606360 0.1897308 -1.2850596 0.0260342 0.9523254 0.1182807 -0.2800148
1311877990.947856 -0.0566837 0.1933586 -1.2879200 0.0213100 0.9527175 0.1130582 -0.2812350
1311877991.346808 -0.1062931 0.1941084 -1.3620936 0.0258871 0.9516082 0.1195155 -0.2819357
1311877991.381473 -0.1226217 0.1929429 -1.3879229 0.0162464 0.9540535 0.1033405 -0.2807823
1311877991.513332 -0.1212657 0.2042380 -1.3901122 0.0231137 0.9521416 0.1153947 -0.2820927
1311877991.648788 -0.1412008 0.2057841 -1.4159623 0.0242901 0.9535605 0.1217209 -0.2744385
1311877991.681496 -0.1426380 0.2034313 -1.4271857 0.0238787 0.9544466 0.1164685 -0.2736726
1311877991.745535 -0.1474722 0.2067838 -1.4258368 0.0239851 0.9555746 0.1141900 -0.2706707
1311877991.781179 -0.1548519 0.2062860 -1.4351319 0.0225190 0.9563730 0.1162336 -0.2670828
1311877991.848858 -0.1602225 0.2064543 -1.4466498 0.0243139 0.9571643 0.1105900 -0.2664868
1311877991.881256 -0.1613762 0.2137355 -1.4549705 0.0196021 0.9596972 0.1033268 -0.2606160
1311877991.982780 -0.1666783 0.2127309 -1.4710109 0.0201615 0.9611357 0.1079459 -0.2532969
1311877992.014831 -0.1683452 0.2137702 -1.4717615 0.0206705 0.9616902 0.1087086 -0.2508127
1311877992.281279 -0.2000880 0.2208279 -1.5345893 0.0246055 0.9683301 0.1144017 -0.2205532
1311877992.549138 -0.2200421 0.2186116 -1.5840051 0.0246794 0.9743869 0.1142392 -0.1921212
1311877992.713256 -0.2102489 0.2432786 -1.5932566 0.0219710 0.9790423 0.0956471 -0.1784521
1311877992.745085 -0.2240126 0.2257338 -1.6086894 0.0233858 0.9795880 0.1062309 -0.1690425
1311877992.781291 -0.2295097 0.2282097 -1.6076337 0.0213825 0.9806129 0.1018415 -0.1660405
1311877992.813491 -0.2318701 0.2203496 -1.6235651 0.0213334 0.9807576 0.1045717 -0.1634754
1311877993.014354 -0.2398211 0.2298698 -1.6663278 0.0214205 0.9844002 0.1117056 -0.1342357
1311877993.081979 -0.2287158 0.2481965 -1.6558615 0.0216906 0.9852834 0.1115108 -0.1277162
1311877993.283277 -0.2421936 0.2330819 -1.7081131 0.0171696 0.9898366 0.1018018 -0.0978018
1311877993.383811 -0.2380105 0.2405385 -1.7323767 0.0137405 0.9916589 0.1020307 -0.0775465
1311877993.445060 -0.2388020 0.2511283 -1.7446078 0.0144901 0.9923911 0.1029641 -0.0659417
1311877993.619446 -0.2458368 0.2513855 -1.7971008 0.0151007 0.9938713 0.1041104 -0.0339520
1311877993.783115 -0.2455358 0.2618766 -1.8330057 0.0169074 0.9947750 0.1004425 -0.0069382
1311877994.555597 -0.2164200 0.2782772 -2.0414793 0.0176508 0.9865471 0.1087987 0.1207322
1311877995.082149 -0.1643101 0.2858444 -2.1736693 0.0141720 0.9728432 0.1099081 0.2032131
1311877995.813220 -0.0687029 0.3036247 -2.3387520 0.0163346 0.9474425 0.1053466 0.3016423
1311877996.749316 0.1141506 0.3190658 -2.5168955 0.0144667 0.8911173 0.0943775 0.4436143
1311877997.680964 0.3428116 0.3305390 -2.6333051 0.0113183 0.8144547 0.0896893 0.5731415
1311877998.581071 0.5681286 0.3309690 -2.7144346 0.0067778 0.8204781 0.0894466 0.5645964
1311877999.312964 0.7174728 0.3398356 -2.8202853 0.0107531 0.8931347 0.0975891 0.4389432
1311877999.780926 0.7995429 0.3441368 -2.9085972 0.0117213 0.9278672 0.1033053 0.3581243
1311878000.080909 0.8404227 0.3515220 -2.9699960 0.0156114 0.9478292 0.0992973 0.3025161
1311878000.512967 0.8695170 0.3581992 -3.0169725 0.0146638 0.9553986 0.1070334 0.2748499
1311878000.712985 0.8703392 0.3485165 -3.0167577 0.0168426 0.9558777 0.0992338 0.2759835
1311878000.780978 0.8653804 0.3624924 -3.0061944 0.0187755 0.9560793 0.0982519 0.2755111
1311878003.280742 0.8783889 0.3578004 -3.0091820 0.0162101 0.9400969 0.1029779 0.3245776
1311878005.548954 0.8759457 0.3576456 -3.0100734 0.0152563 0.9342685 0.1039098 0.3407525
1311878007.780766 0.9102370 0.3663217 -3.0850570 0.0142628 0.9632344 0.1028715 0.2477770
1311878008.648800 0.9326143 0.3674004 -3.1172705 0.0154025 0.9694934 0.1061197 0.2204177
1311878009.080686 0.9527018 0.3737853 -3.1684988 0.0161355 0.9704726 0.1001895 0.2188256
1311878009.180723 0.9629658 0.3655184 -3.1943171 0.0126950 0.9699489 0.1104873 0.2164034
1311878009.280749 0.9714125 0.3781383 -3.2008595 0.0140251 0.9704566 0.1133225 0.2125449
1311878009.316599 0.9733158 0.3794703 -3.2151113 0.0151248 0.9728876 0.0929869 0.2112209
1311878009.380775 0.9702236 0.3839322 -3.2027924 0.0120722 0.9721111 0.1059839 0.2088580
1311878009.916848 0.9853615 0.3880683 -3.2893460 0.0143557 0.9861959 0.1089277 0.1238805
1311878010.248902 0.9846399 0.3901304 -3.3262331 0.0158788 0.9920193 0.1088171 0.0616799
1311878010.616707 0.9845372 0.3916619 -3.3669114 0.0180282 0.9938676 0.1080656 0.0149636
1311878010.980898 0.9806134 0.3982976 -3.4119153 0.0189912 0.9940295 0.1067389 -0.0123125
1311878011.216799 0.9760472 0.3985961 -3.4407187 0.0195309 0.9937012 0.1063799 -0.0293223
1311878011.416687 0.9734527 0.4036727 -3.4617777 0.0189475 0.9931355 0.1059314 -0.0458422
1311878011.680724 0.9680693 0.4060779 -3.4983714 0.0178696 0.9919086 0.1071375 -0.0657238
1311878012.016770 0.9586388 0.4131817 -3.5529342 0.0165944 0.9896907 0.1104931 -0.0895998
1311878012.216736 0.9504633 0.4182861 -3.5903714 0.0157685 0.9881091 0.1113606 -0.1048363
1311878012.380854 0.9405610 0.4218051 -3.6200855 0.0164454 0.9866329 0.1123063 -0.1169286
1311878012.516664 0.9361683 0.4217872 -3.6430366 0.0149182 0.9856949 0.1096120 -0.1271538
1311878012.584634 0.9308242 0.4263802 -3.6518774 0.0158205 0.9851670 0.1077424 -0.1326170
1311878012.748984 0.9243181 0.4296634 -3.6827471 0.0145998 0.9832407 0.1090869 -0.1453428
1311878013.016661 0.9059365 0.4325943 -3.7333965 0.0157782 0.9804273 0.1122983 -0.1609427
1311878013.117121 0.9036658 0.4372735 -3.7467821 0.0155081 0.9803281 0.1127529 -0.1612545
1311878013.284761 0.8980423 0.4372101 -3.7675562 0.0179103 0.9809286 0.1158891 -0.1550097
1311878013.516653 0.8919671 0.4415074 -3.7919490 0.0190990 0.9835169 0.1190216 -0.1347724
1311878013.584845 0.8931400 0.4409789 -3.7942233 0.0179370 0.9846123 0.1181176 -0.1275347
1311878013.984644 0.8929505 0.4455680 -3.8159094 0.0197297 0.9897735 0.1184019 -0.0770731
1311878014.316671 0.8977027 0.4476277 -3.8216615 0.0180696 0.9922007 0.1191746 -0.0317608
1311878014.716636 0.9068505 0.4496655 -3.8281941 0.0167048 0.9919940 0.1181066 0.0414704
1311878015.016747 0.9128743 0.4470867 -3.8239865 0.0161092 0.9880441 0.1161861 0.1000506
1311878015.184709 0.9143019 0.4457677 -3.8215930 0.0170368 0.9841604 0.1159315 0.1330340
1311878015.248728 0.9155078 0.4450261 -3.8234956 0.0167340 0.9820282 0.1169947 0.1471491
1311878015.316681 0.9177869 0.4462286 -3.8279564 0.0179823 0.9797547 0.1170949 0.1613880
1311878015.484784 0.9189116 0.4463307 -3.8260560 0.0172845 0.9733539 0.1172752 0.1962907
1311878015.748581 0.9242489 0.4457828 -3.8221011 0.0166436 0.9638009 0.1141868 0.2403584
1311878016.048572 0.9268761 0.4444242 -3.8165002 0.0162397 0.9486036 0.1116565 0.2956691
1311878016.484641 0.9326155 0.4434007 -3.8130398 0.0139108 0.9235318 0.1064741 0.3681831
1311878016.716599 0.9389051 0.4415904 -3.8120198 0.0144683 0.9167496 0.1031410 0.3856459
1311878016.848588 0.9445739 0.4428847 -3.8248055 0.0142883 0.9126410 0.1033715 0.3952172
1311878017.086091 0.9638170 0.4452477 -3.8449030 0.0117157 0.9160416 0.1026834 0.3875394
1311878017.416621 0.9946635 0.4536598 -3.8885996 0.0092479 0.9325545 0.1074359 0.3445491
1311878017.584704 1.0101553 0.4564846 -3.9106760 0.0085499 0.9426875 0.1101975 0.3148392
1311878017.885131 1.0257703 0.4600796 -3.9456034 0.0107672 0.9605649 0.1042668 0.2575414
1311878017.949087 1.0272381 0.4609956 -3.9542351 0.0119678 0.9641553 0.1032822 0.2441189
1311878018.084696 1.0327972 0.4605938 -3.9650154 0.0104952 0.9703819 0.1055773 0.2170304
1311878018.216744 1.0417128 0.4669464 -4.0035462 0.0131523 0.9751338 0.1066855 0.1938022
1311878018.416635 1.0467637 0.4705728 -4.0252037 0.0126212 0.9823964 0.1074262 0.1523073
1311878018.484781 1.1137640 0.4737624 -4.0301137 0.0114144 0.9890872 0.1075050 0.1000945
1311878018.517462 1.1288289 0.4722036 -4.0349531 0.0111223 0.9903693 0.1087617 0.0849458
1311878018.616734 1.1277587 0.4733314 -4.0483985 0.0118786 0.9916937 0.1095843 0.0662862
1311878018.716730 1.1275460 0.4746047 -4.0696535 0.0120295 0.9926751 0.1105925 0.0471252
1311878018.784680 1.1265957 0.4773544 -4.0810862 0.0121318 0.9932833 0.1100300 0.0336822
1311878018.985065 1.1246293 0.4801322 -4.1232562 0.0134714 0.9939791 0.1085801 -0.0058670
1311878019.184575 1.1196772 0.4844036 -4.1652637 0.0130014 0.9929665 0.1091551 -0.0439739
1311878019.384660 1.1098619 0.4888576 -4.2051835 0.0141557 0.9905713 0.1083004 -0.0826992
1311878019.548978 1.1000166 0.4911325 -4.2384410 0.0154503 0.9872626 0.1076690 -0.1161087
1311878019.684542 1.0922027 0.4912916 -4.2555537 0.0160343 0.9840770 0.1058832 -0.1418591
1311878019.816954 1.0835527 0.4919018 -4.2814980 0.0156074 0.9801118 0.1016373 -0.1697267
1311878019.849045 1.0838510 0.4901607 -4.2814770 0.0161823 0.9788647 0.1032235 -0.1758039
1311878020.116598 1.0440862 0.4999473 -4.3486004 0.0175712 0.9690124 0.0973508 -0.2263385
1311878020.184840 1.0359365 0.5017085 -4.3604727 0.0176022 0.9660658 0.1005840 -0.2372548
1311878020.448808 0.9944022 0.5074464 -4.4307013 0.0188923 0.9527790 0.1007286 -0.2858478
1311878020.549859 0.9788171 0.5130254 -4.4555702 0.0193345 0.9507347 0.1022695 -0.2920113
1311878020.648819 0.9611661 0.5121809 -4.4774065 0.0216166 0.9489422 0.1038724 -0.2970724
1311878020.785903 0.9415200 0.5209049 -4.5095105 0.0209593 0.9485167 0.1044443 -0.2982753
1311878020.917095 0.9189484 0.5232233 -4.5419049 0.0213014 0.9484034 0.1041634 -0.2987093
1311878021.016658 0.9049249 0.5234300 -4.5624495 0.0202976 0.9485524 0.1029863 -0.2987141
1311878021.084803 0.8980422 0.5229585 -4.5762100 0.0198038 0.9485170 0.1028596 -0.2989032
1311878021.248868 0.8693538 0.5275282 -4.6179218 0.0203272 0.9485585 0.1050870 -0.2979603
1311878021.316778 0.8598115 0.5251993 -4.6290884 0.0203384 0.9486634 0.1049700 -0.2976666
1311878021.448791 0.8335537 0.5339482 -4.6600485 0.0213821 0.9483352 0.1057604 -0.2983586
1311878021.752779 0.7808026 0.5455849 -4.7328658 0.0195338 0.9450757 0.1051963 -0.3088433
1311878021.817116 0.7674958 0.5504259 -4.7498055 0.0193494 0.9435855 0.1057222 -0.3132009
1311878021.884602 0.7557442 0.5521556 -4.7687159 0.0178326 0.9420472 0.1049388 -0.3181460
1311878022.052765 0.7243087 0.5552453 -4.8026800 0.0172935 0.9380759 0.1040681 -0.3299763
1311878022.152633 0.7027941 0.5586448 -4.8312340 0.0167598 0.9337155 0.1052438 -0.3417868
1311878022.216739 0.6863270 0.5608547 -4.8417249 0.0169027 0.9303796 0.1052859 -0.3507464
1311878022.352664 0.6604877 0.5573475 -4.8697062 0.0170156 0.9217360 0.1046429 -0.3730457
1311878022.416871 0.6488979 0.5618597 -4.8790417 0.0157287 0.9172270 0.1034424 -0.3843787
1311878022.484503 0.6366894 0.5668296 -4.8848085 0.0142474 0.9125653 0.0952063 -0.3974385
1311878022.552696 0.6201830 0.5614333 -4.9003506 0.0121026 0.9084021 0.0961242 -0.4067176
1311878022.616976 0.6065023 0.5667093 -4.9119430 0.0137251 0.9027589 0.0946466 -0.4193806
1311878022.684386 0.5961084 0.5646495 -4.9233537 0.0120311 0.8966284 0.0957264 -0.4321449
1311878023.216789 0.4600786 0.5780504 -5.0240946 0.0138321 0.8711780 0.0980638 -0.4808753
